-0.0387352890
0.8987008759
0.8577016404
11.1042775622
26.9577849755
51.7444018191
91.0202737500
57.2481482161
18.8192730128
6.9973928012
52.5011240668
112.2443951008
62.3819218703
16.2393142000
4.0383915000
0.3680347325
-0.8288718030
-0.3570685412
-0.9954589288
0.2086887355
1.0088977062
1.5426930242
11.6678420350
18.9542586311
10.8640502945
1.2574483222
7.8278787218
25.8731529287
32.4541712503
15.6141862734
6.1835187551
0.4556460982
0.1569934357
0.9664580210
0.1334464019
-0.5387560965
1.6230480753
-0.7746461170
-2.3102848506
0.0188361825
0.2276158022
0.4355603601
0.6923163599
-3.0754711277
1.7041015965
1.5952666731
24.3471174859
50.7667847601
35.8933264294
12.1367781783
2.1978753302
2.1959391610
-0.2082203633
8.5480693698
56.6616672832
101.5094551231
58.1138238345
47.7389958974
59.4869678208
30.0082351838
9.3868027044
2.8973610977
5.0675492567
19.8150824674
20.8465635919
10.0173546097
1.6873636311
-0.1022127146
1.0880534922
-0.9578779327
2.3411293132
20.6676942040
50.4064262660
32.8636121719
12.8027132118
6.8680741593
10.8233059045
6.7457889037
23.8041517979
52.6505615720
65.7791730917
79.7216865939
39.1287550522
11.5512115631
5.1588392816
3.2914477290
9.6037175768
11.1886086742
18.5648849032
16.2937727852
5.2585379086
1.2759983933
0.9395530547
-0.0542331468
5.4790667197
65.5417721549
153.4461365495
109.1559030748
39.9258124883
69.8616239119
127.8687084231
77.6342958811
39.8103468424
17.2286763803
2.0923264058
0.5449869780
-0.1221762464
1.5389067572
-0.4560178743
0.3253683913
-1.1343485343
-0.7383796050
0.9831363498
9.7261324386
19.9681057237
15.5664277339
10.8867758836
5.4975910430
-0.3951731824
11.4989342260
24.1740799706
21.2978113637
7.2067435656
3.5815730989
5.3002990515
10.7833438620
6.2570447449
3.0351979863
0.1795161654
-0.2532093973
3.4362496463
9.1344244041
6.5195094672
1.6905096077
1.7996730894
4.5470863025
14.0547562105
7.9472694767
2.3866755457
-0.5248416925
-0.7063532991
1.1571454775
0.1960451758
1.6564375889
18.0757306293
50.5822172184
58.3595051611
38.7626073415
28.0626600568
14.0568164946
41.3328258048
89.4516240499
70.5896975526
61.6442034200
81.0902681530
100.3726001935
50.8279564660
13.0274091272
3.4196137066
9.4669653569
17.7281365256
8.9221201051
2.4919625901
1.3795824923
16.1450491319
39.3903286339
65.8845519724
110.0242808455
71.5624828662
20.7893556167
5.5817974423
1.6418141641
0.4367331086
0.8627614270
-0.9459570452
-1.0016900654
-0.6829217142
-0.5459916803
3.9152892134
9.7292557100
10.4187762316
11.6792038084
10.4690438020
7.4029344737
0.5252015529
-1.0907757433
0.3849288738
2.7828528990
4.9957334666
1.5942297708
0.4050160198
0.3848284390
0.8728958299
0.3039886906
-0.9720258203
-1.0462826607
6.6275940643
14.2497657310
6.2558159792
1.6076449418
0.5083081166
36.1436825101
82.0156676704
47.2935441584
11.9858739173
9.4955542310
15.2920863799
26.0644857025
40.9528506260
23.6902546381
5.5402214846
5.5589668232
9.3122906468
6.7534409475
13.2999400129
28.7874063293
57.5490072735
97.1549254853
61.4139464180
20.1076738346
5.0575100145
2.1209313422
0.6933806179
0.5801457178
23.9749950120
48.5111738381
27.6698816670
7.7540033604
7.4319196630
8.4414832422
6.1351234484
24.0663789292
48.0081443066
32.0131853967
11.4761375220
4.5661659405
32.9290901792
71.7249671066
46.1486188672
19.5541206162
8.6227527640
1.9214851714
5.5429454797
9.6384138106
2.9995170788
1.4746272986
1.7740969180
31.7661107532
82.8112811397
67.7882560077
51.0709613020
63.6772023481
33.6014052357
8.3509672846
3.2577560705
20.2635988844
43.1276477602
24.8705592339
6.7688574908
17.3148749031
30.7026447455
34.6536621614
40.7878369144
21.1828397635
6.2885799970
1.5866276769
2.4060592370
7.4420072507
5.5210436101
0.5664260323
-0.6931940066
4.7432057375
11.8230482036
6.6599573210
1.6628421606
1.6125496401
1.0404822472
1.8485395237
0.7225059261
5.7048493367
11.0609280761
6.1241441757
2.1037179591
2.0401252339
2.0508335681
5.4670875193
6.0491011376
24.8775749743
61.4923687537
34.8968795502
10.5598597947
0.8574586060
10.1930559866
21.9775353651
10.0661201576
2.7965990268
5.6910300672
8.0354408266
5.0234671838
2.3889797751
-0.2390394203
0.7126878886
-0.2073215733
-0.5221837429
1.0036860094
1.6490533609
2.6783353237
46.8966703661
106.6376225787
58.3232944699
17.9658897488
5.1113727205
1.2426626192
0.2604080210
9.3410193680
42.8522102386
63.3197274022
43.7384625955
32.1431029110
38.1881926577
76.5103299114
72.5926862707
31.9610628414
7.9624436402
40.7492425575
94.8500855059
63.5453899769
19.4902985503
5.9703433262
0.7259974154
10.4448428831
22.6666663909
11.0994831949
3.9240007041
2.8150192589
6.3714611753
18.3305151915
24.5299373981
12.2886842827
21.7881345726
39.7384031093
20.4250464927
7.6041617772
7.9358136417
3.7433301569
1.5948506107
-1.2278413418
-0.6842111501
-0.4568578840
3.6100451771
11.0755279277
6.0032324324
1.4637310941
1.4123187400
0.2966425393
3.3457488812
3.3221389695
1.2330189907
0.7198066008
1.9923433491
1.0015638327
-0.1962191731
1.2725228771
1.3544117980
14.7660732065
26.7028864914
16.7742186360
2.3314637951
1.5913833084
7.3615511974
14.8613061310
10.2082260986
3.1235898864
20.5230262326
50.2803391037
28.2915430712
16.9475166318
24.5791246083
25.2185400835
12.2408862195
1.8615366034
-0.0373597163
0.1077999397
-1.3733352053
0.7408725456
-0.4085891807
1.1199816408
8.9945745836
15.5719611631
11.1675170605
29.6540393830
51.6649079058
33.0086134508
11.9548981540
23.4097986288
37.0729803433
19.3012639467
5.6354120157
2.7754850450
14.6315635625
37.4760573537
23.4147817398
19.8894744862
32.7132391721
33.9641475006
43.1972599609
33.7257386568
31.5544558783
18.7195813346
2.9485202491
1.9864546685
-1.3994078130
-0.1003809497
-1.8185345637
0.1680057307
6.9742146674
12.6629893254
6.2654113400
0.1336878639
-1.8250061336
1.9717975842
45.6101052010
94.6514449759
52.9197634675
21.3515178609
17.9689551470
7.7094297513
16.4904556050
36.6183700271
33.7509309150
45.2290406375
47.9841081637
35.4742855342
14.3875217820
4.2651057291
2.1128699080
-0.2726011794
5.6029590450
11.1191777496
6.6037947946
3.9868944832
38.3797232036
92.3733383575
56.4814430935
23.1433936784
10.5118719024
29.9191586349
66.7877489454
45.6426926830
13.9815246485
3.8815862594
0.2686919388
-0.8829791207
3.3140908518
66.6960354839
148.8677140213
106.0790171289
70.0061565430
32.5801976777
6.8276284794
-0.1258703471
11.2917460972
20.5881425698
16.5983443851
13.6450773805
17.5044010292
25.3667018051
12.3534288842
2.7482792972
1.5308634898
-0.0132378515
-0.0910001457
-0.1601892029
2.7145934200
3.7990608047
2.1830473696
-0.2883000894
1.2769186306
-1.3284302704
1.5462994090
10.8434562571
27.5090164657
15.8433422184
4.6817303701
2.1600515257
2.6329844078
9.9779168299
18.3138840956
9.4214183353
4.0464566235
2.4775751717
4.9537466685
16.8524224773
34.3724028689
28.9366311766
13.1312961456
6.0814364794
6.0501641313
4.1998313520
36.8078287035
91.3515444378
98.7974499212
92.1252350671
45.0229182692
16.8998269200
19.6729233757
8.8441755689
3.2439607930
7.9196364739
12.1050247856
9.0103683551
15.9280148304
32.5449712287
32.8858225898
38.6898512084
21.2908294023
7.2318038654
-0.1094004398
0.3125126473
0.9232127657
25.2057696303
55.7061820223
32.3230358975
11.2523438306
9.5729233102
74.9717373177
160.1003536690
104.5132088284
59.3047732366
26.9346077186
6.0663655830
21.6938207856
58.7797407888
61.8030050938
37.2335126292
14.2103357508
3.4931979180
2.3519401263
41.8315344552
90.2157334435
50.4690051246
12.9339449732
4.1305420117
2.1502536423
7.5130039041
13.3040180410
20.8687661329
13.7419867632
27.8557293860
51.5780768714
25.7506960392
6.8715657631
0.0758995599
-0.6059542665
1.9517180469
1.1909784269
4.9497490142
10.6395185451
14.6496043202
26.8149813875
16.4246884138
3.9997850764
2.2084312756
3.5261728419
14.8190106029
34.9422902302
44.9157459584
56.3146161154
30.3259932566
8.8776803834
1.3047678084
-0.9764380828
-0.5597807448
-0.2829003379
12.9676289951
29.7842960777
17.1550228236
4.7923488317
0.7987144579
0.3717261461
0.7386552474
-0.8817020835
0.9505161016
11.8969017200
24.6842436648
13.9851263148
2.5986845326
1.9785278175
-0.0454437847
0.1023437337
-0.6550110181
4.7572247878
10.0803263552
6.6052508603
2.6669617738
15.0785649566
43.4132404213
40.1528609451
20.1851360840
12.8796350968
6.2522959338
5.1800313322
11.6576930234
4.9059529114
1.5514165997
1.0244644307
-0.1354066592
23.7033972195
48.7022046879
26.6591958504
7.9770409222
2.1221514886
0.3588288343
0.5227589098
-0.8152847480
2.3668358715
18.7021376685
32.7067381107
16.1624901402
4.1318706357
1.4539863949
1.8172800018
7.0506810711
16.6156999183
7.9996711756
18.9338133892
37.1466737292
19.7088210158
15.6684901767
26.9750653706
36.9052053649
55.7273069181
33.4674168109
7.1674521275
1.9406542395
-1.0667910371
3.4753966473
9.8655208867
6.1699507003
0.7880679561
2.4222380043
0.4162970268
-1.0236021552
-0.4266334586
1.0030761682
-0.7813040585
-0.1084532982
-1.1159518944
1.4262473684
26.5058060135
59.0511139253
35.5811294821
11.7154580700
13.0954085260
11.1257209364
4.6102165105
1.6746567319
0.2473180150
-2.4540748507
7.8065800051
18.9424815096
15.9621407201
13.4452522146
19.6423869832
42.8102318843
35.9690419509
16.8763463700
4.3208819349
3.8782779018
10.6613354002
22.7554092155
11.3019576727
2.7258176728
0.7413467161
1.3433176013
0.3968681054
32.8977094176
67.2162609904
38.9237041985
10.6833417885
32.5113252822
64.3545753892
37.1306850138
11.1933381652
3.9207758847
3.7546508970
7.7361045629
2.3171743290
1.7273678087
4.3125180348
1.1870550370
16.0155703225
37.1313681724
20.9052732833
3.3266475039
1.3919631809
7.4460402469
15.7696186029
7.3095390735
1.7475456046
1.8698357496
35.9482204427
90.8425699044
66.3787088238
38.4303265082
38.2788166239
21.7132619092
6.4133925631
8.6273287344
35.9663481534
62.1962792726
34.7468632842
14.0140273714
47.8039914445
100.4426557430
63.4294254309
27.2209004410
11.9894910949
0.5221231595
10.9814794361
22.0972591981
11.7243861300
3.8263097339
0.1030047988
0.4724730905
0.7582301492
1.0991892812
15.2972523636
35.1776162947
23.2238879915
11.7185751481
5.3989566507
3.0065806900
9.1063502802
22.0087373746
26.7442394463
11.2087626841
3.1506490776
0.7382523426
0.3912886984
-0.2617381418
-0.2630518610
1.7874141834
3.0674822281
1.3475523205
-0.1292623212
0.4165969471
0.3874590963
0.4327212368
28.7674217511
75.0189850111
67.2611522631
26.6449268014
6.6420416204
19.0295414395
43.7682973793
24.8048618975
4.5556877728
3.8346678336
20.0839481834
64.4082345415
88.1175023034
57.9830186699
21.2156396032
5.9792979634
8.8940060346
21.3193470562
14.9973144223
5.6853638775
0.0198183171
-1.6747085109
-0.3863885674
3.8776512585
10.1618044151
8.0704706750
11.9097567355
32.8357651378
27.8902002181
13.1454333471
3.3130222160
0.2625713915
-0.4759985801
-1.3399857929
12.8142771970
23.1474952548
13.9285643669
2.2591459982
1.1253073929
-2.7300532184
-0.0972363315
-0.6029642436
-2.5949117821
0.1554736000
-0.5035351770
-2.3777151049
-0.8050308795
-1.4610791691
-0.2149708129
0.4455463560
-1.0298632404
0.0556110304
0.5772444003
1.5357239593
5.5682165269
15.6857305319
31.2431742795
26.2749307617
24.6752619485
10.7394021948
2.5729780998
1.0640112810
3.8198791717
7.2602665476
3.0488595983
13.2268602500
27.1891365276
51.1243069206
87.4908486452
52.4004160406
22.9846744637
19.6208382900
8.2577349951
22.4909118332
40.0959475469
22.5005977673
4.5675563586
0.6085312082
-0.2869549216
1.9152090827
1.9021150980
-0.0618914970
-0.8104688546
0.5674178353
1.8053278605
14.2420670072
28.3710688060
15.5370618565
17.4459793140
36.9720389715
59.3509946000
69.8920667875
34.9780972792
26.6972706455
43.4189996971
22.2279969638
5.5456043420
1.0307873820
0.9995408188
-3.6005721584
0.3103058868
-0.0610134127
12.2888758680
33.2501002567
29.3424479772
25.4682524587
32.5561009504
14.9620683955
6.8242214739
9.1750958335
3.3884710180
10.2574626403
20.7943460680
10.7770918754
1.8899587323
2.1237899362
27.9197787964
63.1809962367
57.1459892045
62.4463582283
45.7502094034
28.6664557055
32.1032957687
17.2764326733
5.6405112984
-0.1726929670
9.1494860487
23.3774282304
19.1490973103
16.3640627740
6.7261702434
0.0172979976
15.4286233252
32.3084171478
20.2318893583
6.0617896726
3.7518604096
8.0267174385
32.0031919035
33.7155153707
28.0429697956
31.6325716491
18.1514194035
30.9822310895
54.5031368718
31.9829695990
35.4042736401
49.9461449052
27.7636409545
39.0081877884
87.7475973480
73.7422594679
40.3273529426
30.6095254902
36.9511695552
55.9257143946
31.9168603050
8.2739992573
2.6143773476
1.6610603681
4.8938911014
7.9118145999
12.5777615104
19.3284321151
13.1960549182
9.3137173691
20.0613739044
11.6762826026
4.0626827983
9.9344184673
17.8798407083
9.2160036512
3.3165339987
2.9976540162
1.5238849320
18.4394389457
38.3508230592
21.8813513440
6.0313144151
1.9454036347
-0.8562088817
-1.0241803849
14.4633504587
28.7435986249
16.8426287697
9.4158703416
9.1840794990
5.4123943094
10.2807325837
19.1994812312
13.5418370549
5.0429109972
7.3143246669
9.6727040323
2.9876319949
1.2333465864
20.6597031849
43.2688472065
22.2619944667
4.8714142500
3.6022997556
24.9578828150
55.8920544074
33.9603715140
12.2036817399
3.1682571674
1.0538055400
-0.1340035261
1.3010483572
1.5682624376
20.9737793708
41.6068760738
33.4268318996
38.8465531254
36.5422466497
23.0743471265
36.3273414639
46.2148532638
47.2122269419
22.1914552282
6.4978953018
1.9382651590
1.6618691004
5.0067669790
30.3325473721
57.7974317861
30.2405750228
7.8644923656
2.2423286074
-0.6972766971
2.7099476265
38.4494903105
116.9339984545
108.7961975449
46.9286829826
12.6099042856
15.6514868704
36.1593322235
20.2550931206
6.0684006770
1.9788659324
2.1159592164
22.6677835087
51.0808929533
43.1879240004
38.5465374646
22.5578285352
12.3470426743
6.3089135472
2.4416518056
0.4745873523
1.3947592761
0.8168514547
0.2257357753
-1.1254846977
0.6576367277
0.2028798491
